68061672745.21112 0.02869
66896043330.13525 0.02429
71020562827.87939 0.02706
69300115210.26637 0.02449
68991917766.73941 0.02134
72618407934.65161 0.02788
69536208069.49599 0.02306
70721702749.43559 0.02869
70251333519.45842 0.02640
69090270173.93773 0.02474
68678624209.75689 0.02619
71027827112.77751 0.02380
71696571512.72110 0.02693
70336884810.58342 0.02701
71583816799.87535 0.02768
70521013259.61293 0.02868
70414499998.62291 0.02964
70241144003.03957 0.02032
70790496861.70583 0.02326
69579811466.10162 0.03010
